
#This data file contains arbitrary data,
#It was made for a triangle lattice with 0 sites
#and 0 plaquettes and 2 bonds.
#There is 4 frames and the lattice size is 6x6x10
0 1 0
1 1 0
1 0 1
1 0 1
0 0 1
1 0 0
1 0 1
0 1 1
0 0 1
0 0 0
1 1 0
0 0 1
0 1 0
1 1 1
0 1 0
0 0 0
0 0 1
0 0 1
1 1 1
0 1 1
1 0 1
1 1 1
1 1 0
0 0 1
0 0 1
1 0 0
1 0 1
1 0 0
1 0 1
1 0 1
0 0 1
1 0 0
1 1 0
0 1 1
1 0 0
1 0 0
0 0 0
0 1 1
0 1 1
1 0 0
1 0 0
1 0 1
0 0 1
1 0 1
0 1 1
0 1 0
0 0 0
0 0 1
0 1 0
0 1 1
0 1 0
1 0 1
0 1 0
1 1 0
0 1 0
0 0 0
1 0 1
0 0 1
1 1 1
1 0 1
1 0 1
1 0 1
0 1 1
0 1 1
0 0 0
0 0 1
1 1 0
1 1 0
0 1 0
0 1 0
0 0 0
0 1 0
1 1 0
0 1 0
1 0 1
1 0 1
0 1 1
1 0 0
1 1 1
1 0 0
0 0 1
1 0 0
1 0 1
0 0 1
1 0 0
0 0 0
1 1 1
0 1 1
0 0 0
0 0 0
0 0 0
1 0 1
1 1 0
0 0 1
1 0 0
0 1 1
0 0 1
0 1 0
1 0 0
0 1 1
1 0 0
1 0 1
0 0 0
0 0 1
0 1 0
0 0 0
1 1 1
1 0 1
0 1 0
0 1 0
0 0 1
1 1 1
1 0 0
0 0 1
1 0 1
0 1 0
0 1 0
1 0 0
0 0 0
1 0 1
0 0 0
1 1 1
0 0 0
1 1 1
1 0 1
1 1 0
0 0 1
1 0 0
1 1 0
0 1 1
0 0 1
1 1 0
1 1 0
1 0 1
0 1 1
1 0 1
0 1 0
1 1 0
1 0 1
0 0 0
1 0 0
1 0 1
1 0 1
0 0 1